(kicad_pcb (version 20171130) (host pcbnew 5.0.2)

  (general
    (thickness 1.6)
    (drawings 22)
    (tracks 234)
    (zones 0)
    (modules 40)
    (nets 43)
  )

  (page A4)
  (layers
    (0 F.Cu signal)
    (31 B.Cu signal)
    (32 B.Adhes user)
    (33 F.Adhes user)
    (34 B.Paste user)
    (35 F.Paste user)
    (36 B.SilkS user)
    (37 F.SilkS user)
    (38 B.Mask user)
    (39 F.Mask user)
    (40 Dwgs.User user)
    (41 Cmts.User user)
    (42 Eco1.User user)
    (43 Eco2.User user)
    (44 Edge.Cuts user)
    (45 Margin user)
    (46 B.CrtYd user)
    (47 F.CrtYd user)
    (48 B.Fab user hide)
    (49 F.Fab user hide)
  )

  (setup
    (last_trace_width 0.25)
    (user_trace_width 0.4)
    (trace_clearance 0.2)
    (zone_clearance 0.4)
    (zone_45_only no)
    (trace_min 0.2)
    (segment_width 0.2)
    (edge_width 0.2)
    (via_size 0.8)
    (via_drill 0.4)
    (via_min_size 0.4)
    (via_min_drill 0.3)
    (uvia_size 0.3)
    (uvia_drill 0.1)
    (uvias_allowed no)
    (uvia_min_size 0.2)
    (uvia_min_drill 0.1)
    (pcb_text_width 0.3)
    (pcb_text_size 1.5 1.5)
    (mod_edge_width 0.15)
    (mod_text_size 1 1)
    (mod_text_width 0.15)
    (pad_size 6 6)
    (pad_drill 6)
    (pad_to_mask_clearance 0)
    (solder_mask_min_width 0.25)
    (aux_axis_origin 0 0)
    (grid_origin 20 20)
    (visible_elements FFFFFF7F)
    (pcbplotparams
      (layerselection 0x010f0_ffffffff)
      (usegerberextensions false)
      (usegerberattributes true)
      (usegerberadvancedattributes false)
      (creategerberjobfile false)
      (excludeedgelayer true)
      (linewidth 0.100000)
      (plotframeref false)
      (viasonmask false)
      (mode 1)
      (useauxorigin false)
      (hpglpennumber 1)
      (hpglpenspeed 20)
      (hpglpendiameter 15.000000)
      (psnegative false)
      (psa4output false)
      (plotreference true)
      (plotvalue true)
      (plotinvisibletext false)
      (padsonsilk false)
      (subtractmaskfromsilk true)
      (outputformat 1)
      (mirror false)
      (drillshape 0)
      (scaleselection 1)
      (outputdirectory "gerber/"))
  )

  (net 0 "")
  (net 1 "Net-(U2-Pad2)")
  (net 2 "Net-(U1-Pad30)")
  (net 3 "Net-(U1-Pad29)")
  (net 4 "Net-(U1-Pad22)")
  (net 5 "Net-(U1-Pad21)")
  (net 6 "Net-(U1-Pad20)")
  (net 7 "Net-(U1-Pad19)")
  (net 8 "Net-(U1-Pad15)")
  (net 9 "Net-(U1-Pad9)")
  (net 10 "Net-(U1-Pad8)")
  (net 11 "Net-(U1-Pad7)")
  (net 12 "Net-(U1-Pad3)")
  (net 13 "Net-(U1-Pad2)")
  (net 14 GND)
  (net 15 +3V3)
  (net 16 /SWCLK)
  (net 17 /SWDIO)
  (net 18 /BOOT0)
  (net 19 SD_CS)
  (net 20 SD_MOSI)
  (net 21 SD_SCK)
  (net 22 SD_MISO)
  (net 23 SPK_SD)
  (net 24 "Net-(U1-Pad18)")
  (net 25 /VBAT)
  (net 26 /VDDA)
  (net 27 "Net-(C7-Pad1)")
  (net 28 "Net-(C8-Pad1)")
  (net 29 SPK_IN-)
  (net 30 /SPK-)
  (net 31 /SPK+)
  (net 32 "Net-(FB1-Pad1)")
  (net 33 "Net-(FB2-Pad1)")
  (net 34 "Net-(R7-Pad1)")
  (net 35 SPK_IN+)
  (net 36 "Net-(U1-Pad13)")
  (net 37 "Net-(U1-Pad14)")
  (net 38 "Net-(C8-Pad2)")
  (net 39 "Net-(Q1-Pad3)")
  (net 40 POWERON)
  (net 41 "Net-(R6-Pad2)")
  (net 42 "Net-(R8-Pad1)")

  (net_class Default "This is the default net class."
    (clearance 0.2)
    (trace_width 0.25)
    (via_dia 0.8)
    (via_drill 0.4)
    (uvia_dia 0.3)
    (uvia_drill 0.1)
    (add_net /BOOT0)
    (add_net /SWCLK)
    (add_net /SWDIO)
    (add_net /VDDA)
    (add_net "Net-(C7-Pad1)")
    (add_net "Net-(C8-Pad1)")
    (add_net "Net-(C8-Pad2)")
    (add_net "Net-(Q1-Pad3)")
    (add_net "Net-(R6-Pad2)")
    (add_net "Net-(R7-Pad1)")
    (add_net "Net-(R8-Pad1)")
    (add_net "Net-(U1-Pad13)")
    (add_net "Net-(U1-Pad14)")
    (add_net "Net-(U1-Pad15)")
    (add_net "Net-(U1-Pad18)")
    (add_net "Net-(U1-Pad19)")
    (add_net "Net-(U1-Pad2)")
    (add_net "Net-(U1-Pad20)")
    (add_net "Net-(U1-Pad21)")
    (add_net "Net-(U1-Pad22)")
    (add_net "Net-(U1-Pad29)")
    (add_net "Net-(U1-Pad3)")
    (add_net "Net-(U1-Pad30)")
    (add_net "Net-(U1-Pad7)")
    (add_net "Net-(U1-Pad8)")
    (add_net "Net-(U1-Pad9)")
    (add_net "Net-(U2-Pad2)")
    (add_net POWERON)
    (add_net SD_CS)
    (add_net SD_MISO)
    (add_net SD_MOSI)
    (add_net SD_SCK)
    (add_net SPK_IN+)
    (add_net SPK_IN-)
    (add_net SPK_SD)
  )

  (net_class Power ""
    (clearance 0.2)
    (trace_width 0.6)
    (via_dia 0.9)
    (via_drill 0.5)
    (uvia_dia 0.3)
    (uvia_drill 0.1)
    (add_net +3V3)
    (add_net /VBAT)
    (add_net GND)
  )

  (net_class SpkOut ""
    (clearance 0.2)
    (trace_width 0.4)
    (via_dia 0.8)
    (via_drill 0.4)
    (uvia_dia 0.3)
    (uvia_drill 0.1)
    (add_net /SPK+)
    (add_net /SPK-)
    (add_net "Net-(FB1-Pad1)")
    (add_net "Net-(FB2-Pad1)")
  )

  (module custom:Ali_uSD_Adapter (layer B.Cu) (tedit 5C44BB8D) (tstamp 5C44EC23)
    (at 49.06 29.36)
    (path /5C452F0C)
    (fp_text reference J1 (at 0 11.43 -180) (layer B.SilkS)
      (effects (font (size 1 1) (thickness 0.15)) (justify mirror))
    )
    (fp_text value Ali_uSD_SPI (at 0 0) (layer B.Fab)
      (effects (font (size 1 1) (thickness 0.15)) (justify mirror))
    )
    (fp_line (start 6.35 -12.28) (end 6.35 -8.47) (layer B.SilkS) (width 0.15))
    (fp_line (start -6.35 -12.28) (end -6.35 -8.47) (layer B.SilkS) (width 0.15))
    (fp_arc (start 0 10.58) (end -6.349999 -12.279999) (angle 31.04822199) (layer B.SilkS) (width 0.15))
    (fp_line (start 9.25 -8.89) (end -9.25 -8.89) (layer B.CrtYd) (width 0.05))
    (fp_line (start 9.25 10.26) (end 9.25 -8.89) (layer B.CrtYd) (width 0.05))
    (fp_line (start -9.25 10.26) (end 9.25 10.26) (layer B.CrtYd) (width 0.05))
    (fp_line (start -9.25 -8.89) (end -9.25 10.26) (layer B.CrtYd) (width 0.05))
    (fp_line (start 3.04 -8.3) (end 8.75 -8.3) (layer B.SilkS) (width 0.15))
    (fp_line (start 3.039999 -7.85) (end 3.039999 -8.3) (layer B.SilkS) (width 0.15))
    (fp_line (start -3.04 -7.85) (end 3.039999 -7.85) (layer B.SilkS) (width 0.15))
    (fp_line (start -3.04 -8.3) (end -3.04 -7.85) (layer B.SilkS) (width 0.15))
    (fp_line (start -8.75 -8.3) (end -3.04 -8.3) (layer B.SilkS) (width 0.15))
    (fp_line (start -8.75 10.16) (end -8.75 -8.3) (layer B.SilkS) (width 0.15))
    (fp_line (start 8.75 10.16) (end -8.75 10.16) (layer B.SilkS) (width 0.15))
    (fp_line (start 8.75 -8.3) (end 8.75 10.16) (layer B.SilkS) (width 0.15))
    (pad 5 thru_hole oval (at -3.81 8.89 180) (size 1.2 2) (drill 0.8) (layers *.Cu *.Mask)
      (net 19 SD_CS))
    (pad 6 thru_hole oval (at -6.35 8.89 180) (size 1.2 2) (drill 0.8) (layers *.Cu *.Mask)
      (net 15 +3V3))
    (pad 4 thru_hole oval (at -1.27 8.89 180) (size 1.2 2) (drill 0.8) (layers *.Cu *.Mask)
      (net 20 SD_MOSI))
    (pad 3 thru_hole oval (at 1.27 8.89 180) (size 1.2 2) (drill 0.8) (layers *.Cu *.Mask)
      (net 21 SD_SCK))
    (pad 2 thru_hole oval (at 3.81 8.89 180) (size 1.2 2) (drill 0.8) (layers *.Cu *.Mask)
      (net 22 SD_MISO))
    (pad 1 thru_hole oval (at 6.35 8.89 180) (size 1.2 2) (drill 0.8) (layers *.Cu *.Mask)
      (net 14 GND))
  )

  (module Capacitor_SMD:C_0603_1608Metric_Pad1.05x0.95mm_HandSolder (layer F.Cu) (tedit 5B301BBE) (tstamp 5C5155F9)
    (at 56.580088 29.5 270)
    (descr "Capacitor SMD 0603 (1608 Metric), square (rectangular) end terminal, IPC_7351 nominal with elongated pad for handsoldering. (Body size source: http://www.tortai-tech.com/upload/download/2011102023233369053.pdf), generated with kicad-footprint-generator")
    (tags "capacitor handsolder")
    (path /5C3C89B7)
    (attr smd)
    (fp_text reference C6 (at -2.5 -0.419912) (layer F.SilkS)
      (effects (font (size 1 1) (thickness 0.15)))
    )
    (fp_text value 100nF (at 0 1.43 270) (layer F.Fab)
      (effects (font (size 1 1) (thickness 0.15)))
    )
    (fp_line (start -0.8 0.4) (end -0.8 -0.4) (layer F.Fab) (width 0.1))
    (fp_line (start -0.8 -0.4) (end 0.8 -0.4) (layer F.Fab) (width 0.1))
    (fp_line (start 0.8 -0.4) (end 0.8 0.4) (layer F.Fab) (width 0.1))
    (fp_line (start 0.8 0.4) (end -0.8 0.4) (layer F.Fab) (width 0.1))
    (fp_line (start -0.171267 -0.51) (end 0.171267 -0.51) (layer F.SilkS) (width 0.12))
    (fp_line (start -0.171267 0.51) (end 0.171267 0.51) (layer F.SilkS) (width 0.12))
    (fp_line (start -1.65 0.73) (end -1.65 -0.73) (layer F.CrtYd) (width 0.05))
    (fp_line (start -1.65 -0.73) (end 1.65 -0.73) (layer F.CrtYd) (width 0.05))
    (fp_line (start 1.65 -0.73) (end 1.65 0.73) (layer F.CrtYd) (width 0.05))
    (fp_line (start 1.65 0.73) (end -1.65 0.73) (layer F.CrtYd) (width 0.05))
    (fp_text user %R (at 0 0 270) (layer F.Fab)
      (effects (font (size 0.4 0.4) (thickness 0.06)))
    )
    (pad 1 smd roundrect (at -0.875 0 270) (size 1.05 0.95) (layers F.Cu F.Paste F.Mask) (roundrect_rratio 0.25)
      (net 14 GND))
    (pad 2 smd roundrect (at 0.875 0 270) (size 1.05 0.95) (layers F.Cu F.Paste F.Mask) (roundrect_rratio 0.25)
      (net 26 /VDDA))
    (model ${KISYS3DMOD}/Capacitor_SMD.3dshapes/C_0603_1608Metric.wrl
      (at (xyz 0 0 0))
      (scale (xyz 1 1 1))
      (rotate (xyz 0 0 0))
    )
  )

  (module custom:SW_PUSH-12mm locked (layer F.Cu) (tedit 5C3DD71B) (tstamp 5C3CD70C)
    (at 46.45 57.35 90)
    (descr "SW PUSH 12mm https://www.e-switch.com/system/asset/product_line/data_sheet/143/TL1100.pdf")
    (tags "tact sw push 12mm")
    (path /5C39C039)
    (fp_text reference SW1 (at 2.85 -5.45 180) (layer F.SilkS)
      (effects (font (size 1 1) (thickness 0.15)))
    )
    (fp_text value Button (at 6.35 4.55 90) (layer F.Fab)
      (effects (font (size 1 1) (thickness 0.15)))
    )
    (fp_line (start 12.4 -3.65) (end 12.4 -0.93) (layer F.SilkS) (width 0.12))
    (fp_line (start 12.4 5.93) (end 12.4 8.65) (layer F.SilkS) (width 0.12))
    (fp_line (start 0.1 4.07) (end 0.1 0.93) (layer F.SilkS) (width 0.12))
    (fp_line (start 0.1 8.65) (end 0.1 5.93) (layer F.SilkS) (width 0.12))
    (fp_line (start 0.25 -3.5) (end 0.25 8.5) (layer F.Fab) (width 0.1))
    (fp_circle (center 6.35 2.54) (end 10.16 5.08) (layer F.SilkS) (width 0.12))
    (fp_line (start 14.25 8.75) (end -1.77 8.75) (layer F.CrtYd) (width 0.05))
    (fp_line (start 14.25 8.75) (end 14.25 -3.75) (layer F.CrtYd) (width 0.05))
    (fp_line (start -1.77 -3.75) (end -1.77 8.75) (layer F.CrtYd) (width 0.05))
    (fp_line (start -1.77 -3.75) (end 14.25 -3.75) (layer F.CrtYd) (width 0.05))
    (fp_line (start 0.1 -0.93) (end 0.1 -3.65) (layer F.SilkS) (width 0.12))
    (fp_line (start 12.4 8.65) (end 0.1 8.65) (layer F.SilkS) (width 0.12))
    (fp_line (start 12.4 0.93) (end 12.4 4.07) (layer F.SilkS) (width 0.12))
    (fp_line (start 0.1 -3.65) (end 12.4 -3.65) (layer F.SilkS) (width 0.12))
    (fp_text user %R (at 6.35 2.54 90) (layer F.Fab)
      (effects (font (size 1 1) (thickness 0.15)))
    )
    (fp_line (start 12.25 -3.5) (end 12.25 8.5) (layer F.Fab) (width 0.1))
    (fp_line (start 0.25 -3.5) (end 12.25 -3.5) (layer F.Fab) (width 0.1))
    (fp_line (start 0.25 8.5) (end 12.25 8.5) (layer F.Fab) (width 0.1))
    (pad 2 thru_hole oval (at 0 5 90) (size 3.048 2) (drill 1.2) (layers *.Cu *.Mask)
      (net 40 POWERON))
    (pad 1 thru_hole oval (at 0 0 90) (size 3.048 2) (drill 1.2) (layers *.Cu *.Mask)
      (net 25 /VBAT))
    (pad "" thru_hole oval (at 12.5 5 90) (size 3.048 2) (drill 1.2) (layers *.Cu *.Mask))
    (pad "" thru_hole oval (at 12.5 0 90) (size 3.048 2) (drill 1.2) (layers *.Cu *.Mask))
    (model ${KISYS3DMOD}/Buttons_Switches_THT.3dshapes/SW_PUSH-12mm.wrl
      (offset (xyz 6.299199905395508 -2.539999961853027 0))
      (scale (xyz 3.93701 3.93701 3.93701))
      (rotate (xyz 0 0 0))
    )
    (model ${KISYS3DMOD}/Button_Switch_THT.3dshapes/SW_PUSH_6mm_H5mm.step
      (offset (xyz 0 2 0))
      (scale (xyz 2 2 1))
      (rotate (xyz 0 0 0))
    )
  )

  (module custom:MountingHole_1.5mm (layer F.Cu) (tedit 5C3CED95) (tstamp 5C3E8D3D)
    (at 62 28.5)
    (descr "Mounting Hole 2.2mm, no annular, M2")
    (tags "mounting hole 2.2mm no annular m2")
    (attr virtual)
    (fp_text reference REF** (at 0 -3.2) (layer F.SilkS) hide
      (effects (font (size 1 1) (thickness 0.15)))
    )
    (fp_text value MountingHole_1.5mm (at 0 3.2) (layer F.Fab)
      (effects (font (size 1 1) (thickness 0.15)))
    )
    (fp_circle (center 0 0) (end 1.75 0) (layer F.CrtYd) (width 0.05))
    (fp_circle (center 0 0) (end 1.7 0) (layer Cmts.User) (width 0.15))
    (fp_text user %R (at 0.3 0) (layer F.Fab)
      (effects (font (size 1 1) (thickness 0.15)))
    )
    (pad "" np_thru_hole circle (at 0 0) (size 3 3) (drill 3) (layers *.Cu *.Mask))
  )

  (module custom:MountingHole_0.5mm (layer F.Cu) (tedit 5C3CEDFF) (tstamp 5C3D31FC)
    (at 72.5 56)
    (descr "Mounting Hole 2.2mm, no annular, M2")
    (tags "mounting hole 2.2mm no annular m2")
    (attr virtual)
    (fp_text reference REF** (at 0 -3.2) (layer F.SilkS) hide
      (effects (font (size 1 1) (thickness 0.15)))
    )
    (fp_text value MountingHole_0.5mm (at 0 3.2) (layer F.Fab)
      (effects (font (size 1 1) (thickness 0.15)))
    )
    (fp_circle (center 0 0) (end 0.55 0) (layer F.CrtYd) (width 0.05))
    (fp_text user %R (at 0.3 0) (layer F.Fab)
      (effects (font (size 1 1) (thickness 0.15)))
    )
    (pad "" np_thru_hole circle (at 0 0) (size 1 1) (drill 1) (layers *.Cu *.Mask))
  )

  (module custom:MountingHole_1.5mm (layer F.Cu) (tedit 5C3CED95) (tstamp 5C3D2EF5)
    (at 74.5 51)
    (descr "Mounting Hole 2.2mm, no annular, M2")
    (tags "mounting hole 2.2mm no annular m2")
    (attr virtual)
    (fp_text reference REF** (at 0 -3.2) (layer F.SilkS) hide
      (effects (font (size 1 1) (thickness 0.15)))
    )
    (fp_text value MountingHole_1.5mm (at 0 3.2) (layer F.Fab)
      (effects (font (size 1 1) (thickness 0.15)))
    )
    (fp_text user %R (at 0.3 0) (layer F.Fab)
      (effects (font (size 1 1) (thickness 0.15)))
    )
    (fp_circle (center 0 0) (end 1.7 0) (layer Cmts.User) (width 0.15))
    (fp_circle (center 0 0) (end 1.75 0) (layer F.CrtYd) (width 0.05))
    (pad "" np_thru_hole circle (at 0 0) (size 3 3) (drill 3) (layers *.Cu *.Mask))
  )

  (module Mounting_Holes:MountingHole_3mm (layer F.Cu) (tedit 5C3CEC60) (tstamp 5C3D28F3)
    (at 59 60.5)
    (descr "Mounting Hole 3mm, no annular")
    (tags "mounting hole 3mm no annular")
    (attr virtual)
    (fp_text reference REF** (at 0 -4) (layer F.SilkS) hide
      (effects (font (size 1 1) (thickness 0.15)))
    )
    (fp_text value MountingHole_3mm (at 0 4) (layer F.Fab)
      (effects (font (size 1 1) (thickness 0.15)))
    )
    (fp_text user %R (at 0.3 0) (layer F.Fab)
      (effects (font (size 1 1) (thickness 0.15)))
    )
    (fp_circle (center 0 0) (end 3 0) (layer Cmts.User) (width 0.15))
    (fp_circle (center 0 0) (end 3.25 0) (layer F.CrtYd) (width 0.05))
    (pad "" np_thru_hole circle (at 0 0) (size 6 6) (drill 6) (layers *.Cu *.Mask))
  )

  (module Mounting_Holes:MountingHole_3mm (layer F.Cu) (tedit 5C3CEC60) (tstamp 5C3D2805)
    (at 39 60.5)
    (descr "Mounting Hole 3mm, no annular")
    (tags "mounting hole 3mm no annular")
    (attr virtual)
    (fp_text reference REF** (at 0 -4) (layer F.SilkS) hide
      (effects (font (size 1 1) (thickness 0.15)))
    )
    (fp_text value MountingHole_3mm (at 0 4) (layer F.Fab)
      (effects (font (size 1 1) (thickness 0.15)))
    )
    (fp_circle (center 0 0) (end 3.25 0) (layer F.CrtYd) (width 0.05))
    (fp_circle (center 0 0) (end 3 0) (layer Cmts.User) (width 0.15))
    (fp_text user %R (at 0.3 0) (layer F.Fab)
      (effects (font (size 1 1) (thickness 0.15)))
    )
    (pad "" np_thru_hole circle (at 0 0) (size 6 6) (drill 6) (layers *.Cu *.Mask))
  )

  (module Mounting_Holes:MountingHole_3mm (layer F.Cu) (tedit 5C3CEC60) (tstamp 5C3D26B5)
    (at 59 41)
    (descr "Mounting Hole 3mm, no annular")
    (tags "mounting hole 3mm no annular")
    (attr virtual)
    (fp_text reference REF** (at 0 -4) (layer F.SilkS) hide
      (effects (font (size 1 1) (thickness 0.15)))
    )
    (fp_text value MountingHole_3mm (at 0 4) (layer F.Fab)
      (effects (font (size 1 1) (thickness 0.15)))
    )
    (fp_circle (center 0 0) (end 3.25 0) (layer F.CrtYd) (width 0.05))
    (fp_circle (center 0 0) (end 3 0) (layer Cmts.User) (width 0.15))
    (fp_text user %R (at 0.3 0) (layer F.Fab)
      (effects (font (size 1 1) (thickness 0.15)))
    )
    (pad "" np_thru_hole circle (at 0 0) (size 6 6) (drill 6) (layers *.Cu *.Mask))
  )

  (module custom:Pad_2contacts (layer F.Cu) (tedit 5C3C68E1) (tstamp 5C39BC6E)
    (at 29 63.5)
    (path /5C39C1AC)
    (fp_text reference BT1 (at 4.5 0) (layer F.SilkS)
      (effects (font (size 1 1) (thickness 0.15)))
    )
    (fp_text value "2xAAA 1.5V" (at 0 2) (layer F.Fab)
      (effects (font (size 1 1) (thickness 0.15)))
    )
    (pad 1 thru_hole oval (at -1.5875 0) (size 2 3) (drill 1) (layers *.Cu *.Mask)
      (net 25 /VBAT))
    (pad 2 thru_hole oval (at 1.5875 0) (size 2 3) (drill 1) (layers *.Cu *.Mask)
      (net 14 GND))
  )

  (module custom:Pad_2contacts (layer F.Cu) (tedit 5C3C68E1) (tstamp 5C39BC73)
    (at 65.5 33.5 180)
    (path /5C39BCD8)
    (fp_text reference LS1 (at 0 2.75) (layer F.SilkS)
      (effects (font (size 1 1) (thickness 0.15)))
    )
    (fp_text value Speaker (at 1.905 4 180) (layer F.Fab)
      (effects (font (size 1 1) (thickness 0.15)))
    )
    (pad 1 thru_hole oval (at -1.5875 0 180) (size 2 3) (drill 1) (layers *.Cu *.Mask)
      (net 31 /SPK+))
    (pad 2 thru_hole oval (at 1.5875 0 180) (size 2 3) (drill 1) (layers *.Cu *.Mask)
      (net 30 /SPK-))
  )

  (module custom:Pad_4contacts locked (layer F.Cu) (tedit 5C3C82CD) (tstamp 5C3A0251)
    (at 45.13146 62.993408 90)
    (path /5C3A9A62)
    (fp_text reference J2 (at -0.25 -2.25 -180) (layer F.SilkS)
      (effects (font (size 1 1) (thickness 0.15)))
    )
    (fp_text value SWD (at -8 1 90) (layer F.Fab)
      (effects (font (size 1 1) (thickness 0.15)))
    )
    (pad 4 thru_hole oval (at -0.001648 -0.000365 180) (size 1.2 2) (drill 0.8) (layers *.Cu *.Mask)
      (net 14 GND))
    (pad 3 thru_hole oval (at -0.001648 2.539635 180) (size 1.2 2) (drill 0.8) (layers *.Cu *.Mask)
      (net 16 /SWCLK))
    (pad 2 thru_hole oval (at -0.001648 5.079635 180) (size 1.2 2) (drill 0.8) (layers *.Cu *.Mask)
      (net 17 /SWDIO))
    (pad 1 thru_hole oval (at -0.001648 7.619635 180) (size 1.2 2) (drill 0.8) (layers *.Cu *.Mask)
      (net 15 +3V3))
    (model ${KISYS3DMOD}/Connector_PinHeader_2.54mm.3dshapes/PinHeader_1x04_P2.54mm_Horizontal.step
      (offset (xyz 0 -7.6 0))
      (scale (xyz 1 1 1))
      (rotate (xyz 0 0 180))
    )
  )

  (module Mounting_Holes:MountingHole_3mm (layer F.Cu) (tedit 5C3CEC60) (tstamp 5C3D212A)
    (at 39 41)
    (descr "Mounting Hole 3mm, no annular")
    (tags "mounting hole 3mm no annular")
    (attr virtual)
    (fp_text reference REF** (at 0 -4) (layer F.SilkS) hide
      (effects (font (size 1 1) (thickness 0.15)))
    )
    (fp_text value MountingHole_3mm (at 0 4) (layer F.Fab)
      (effects (font (size 1 1) (thickness 0.15)))
    )
    (fp_text user %R (at 0.3 0) (layer F.Fab)
      (effects (font (size 1 1) (thickness 0.15)))
    )
    (fp_circle (center 0 0) (end 3 0) (layer Cmts.User) (width 0.15))
    (fp_circle (center 0 0) (end 3.25 0) (layer F.CrtYd) (width 0.05))
    (pad "" np_thru_hole circle (at 0 0) (size 6 6) (drill 6) (layers *.Cu *.Mask))
  )

  (module custom:MountingHole_1.5mm (layer F.Cu) (tedit 5C3CED95) (tstamp 5C3D2D23)
    (at 23.5 51)
    (descr "Mounting Hole 2.2mm, no annular, M2")
    (tags "mounting hole 2.2mm no annular m2")
    (attr virtual)
    (fp_text reference REF** (at 0 -3.2) (layer F.SilkS) hide
      (effects (font (size 1 1) (thickness 0.15)))
    )
    (fp_text value MountingHole_1.5mm (at 0 3.2) (layer F.Fab)
      (effects (font (size 1 1) (thickness 0.15)))
    )
    (fp_circle (center 0 0) (end 1.75 0) (layer F.CrtYd) (width 0.05))
    (fp_circle (center 0 0) (end 1.7 0) (layer Cmts.User) (width 0.15))
    (fp_text user %R (at 0.3 0) (layer F.Fab)
      (effects (font (size 1 1) (thickness 0.15)))
    )
    (pad "" np_thru_hole circle (at 0 0) (size 3 3) (drill 3) (layers *.Cu *.Mask))
  )

  (module custom:MountingHole_0.5mm (layer F.Cu) (tedit 5C3CEDFF) (tstamp 5C3D30A7)
    (at 25.5 56)
    (descr "Mounting Hole 2.2mm, no annular, M2")
    (tags "mounting hole 2.2mm no annular m2")
    (attr virtual)
    (fp_text reference REF** (at 0 -3.2) (layer F.SilkS) hide
      (effects (font (size 1 1) (thickness 0.15)))
    )
    (fp_text value MountingHole_0.5mm (at 0 3.2) (layer F.Fab)
      (effects (font (size 1 1) (thickness 0.15)))
    )
    (fp_text user %R (at 0.3 0) (layer F.Fab)
      (effects (font (size 1 1) (thickness 0.15)))
    )
    (fp_circle (center 0 0) (end 0.55 0) (layer F.CrtYd) (width 0.05))
    (pad "" np_thru_hole circle (at 0 0) (size 1 1) (drill 1) (layers *.Cu *.Mask))
  )

  (module custom:Potentiometer_Trimmer-EVM3Y (layer F.Cu) (tedit 5C44B71B) (tstamp 5C44E0EF)
    (at 58.5 49.5 180)
    (descr http://www.comkey.in/sites/default/files/attachments/EVM3ESX50B15.pdf)
    (tags "trimmer smd")
    (path /5C3FAFD1)
    (attr smd)
    (fp_text reference RV1 (at 0.75 3.25 180) (layer F.SilkS)
      (effects (font (size 1 1) (thickness 0.15)))
    )
    (fp_text value 10k (at 0 -3.81 180) (layer F.Fab)
      (effects (font (size 1 1) (thickness 0.15)))
    )
    (fp_circle (center 0 0.01) (end 0 -1.54) (layer F.Fab) (width 0.1))
    (fp_circle (center 0 0.01) (end 0 -1.2) (layer F.Fab) (width 0.1))
    (fp_circle (center 0 0.01) (end 0 -0.25) (layer F.Fab) (width 0.1))
    (fp_line (start -1.55 -1.54) (end 1.55 -1.54) (layer F.Fab) (width 0.1))
    (fp_line (start 1.55 -1.54) (end 1.55 1.71) (layer F.Fab) (width 0.1))
    (fp_line (start 1.55 1.71) (end -1.55 1.71) (layer F.Fab) (width 0.1))
    (fp_line (start -1.55 1.71) (end -1.55 -1.54) (layer F.Fab) (width 0.1))
    (fp_line (start -0.25 -0.99) (end 0.25 -0.99) (layer F.Fab) (width 0.1))
    (fp_line (start 0.25 -0.99) (end 0.25 -0.25) (layer F.Fab) (width 0.1))
    (fp_line (start 0.25 -0.25) (end 1 -0.25) (layer F.Fab) (width 0.1))
    (fp_line (start 1 -0.25) (end 1 0.26) (layer F.Fab) (width 0.1))
    (fp_line (start 1 0.26) (end 0.25 0.26) (layer F.Fab) (width 0.1))
    (fp_line (start 0.25 0.26) (end 0.25 1) (layer F.Fab) (width 0.1))
    (fp_line (start 0.25 1) (end -0.25 1) (layer F.Fab) (width 0.1))
    (fp_line (start -0.25 1) (end -0.25 0.26) (layer F.Fab) (width 0.1))
    (fp_line (start -0.25 0.26) (end -1 0.26) (layer F.Fab) (width 0.1))
    (fp_line (start -1 0.26) (end -1 -0.25) (layer F.Fab) (width 0.1))
    (fp_line (start -1 -0.25) (end -0.25 -0.25) (layer F.Fab) (width 0.1))
    (fp_line (start -0.25 -0.25) (end -0.25 -0.99) (layer F.Fab) (width 0.1))
    (fp_line (start -1.55 1.3) (end -0.9 1.3) (layer F.Fab) (width 0.1))
    (fp_line (start -0.9 1.3) (end -0.9 1.71) (layer F.Fab) (width 0.1))
    (fp_line (start 1.55 1.36) (end 0.9 1.36) (layer F.Fab) (width 0.1))
    (fp_line (start 0.9 1.36) (end 0.9 1.71) (layer F.Fab) (width 0.1))
    (fp_line (start -2.2 2.43) (end -2.2 -2.62) (layer F.CrtYd) (width 0.05))
    (fp_line (start -2.2 -2.62) (end 2.2 -2.62) (layer F.CrtYd) (width 0.05))
    (fp_line (start 2.2 -2.62) (end 2.2 2.43) (layer F.CrtYd) (width 0.05))
    (fp_line (start 2.2 2.43) (end -2.2 2.43) (layer F.CrtYd) (width 0.05))
    (fp_line (start -1.78 0.51) (end -1.78 -1.77) (layer F.SilkS) (width 0.12))
    (fp_line (start -1.78 -1.77) (end -1.27 -1.77) (layer F.SilkS) (width 0.12))
    (fp_line (start 1.27 -1.77) (end 1.78 -1.77) (layer F.SilkS) (width 0.12))
    (fp_line (start 1.78 -1.77) (end 1.78 0.51) (layer F.SilkS) (width 0.12))
    (pad 2 smd rect (at 0 -1.65 180) (size 1.6 1.5) (layers F.Cu F.Paste F.Mask)
      (net 38 "Net-(C8-Pad2)"))
    (pad 3 smd rect (at 1 1.6 180) (size 1.2 1.2) (layers F.Cu F.Paste F.Mask)
      (net 29 SPK_IN-))
    (pad 1 smd rect (at -1 1.6 180) (size 1.2 1.2) (layers F.Cu F.Paste F.Mask)
      (net 35 SPK_IN+))
  )

  (module Capacitor_SMD:C_0603_1608Metric_Pad1.05x0.95mm_HandSolder (layer F.Cu) (tedit 5B301BBE) (tstamp 5C5155A9)
    (at 31.48425 52.656947)
    (descr "Capacitor SMD 0603 (1608 Metric), square (rectangular) end terminal, IPC_7351 nominal with elongated pad for handsoldering. (Body size source: http://www.tortai-tech.com/upload/download/2011102023233369053.pdf), generated with kicad-footprint-generator")
    (tags "capacitor handsolder")
    (path /5C402CD1)
    (attr smd)
    (fp_text reference C1 (at 2.76575 0.093053) (layer F.SilkS)
      (effects (font (size 1 1) (thickness 0.15)))
    )
    (fp_text value 10uF (at 0 1.43) (layer F.Fab)
      (effects (font (size 1 1) (thickness 0.15)))
    )
    (fp_line (start -0.8 0.4) (end -0.8 -0.4) (layer F.Fab) (width 0.1))
    (fp_line (start -0.8 -0.4) (end 0.8 -0.4) (layer F.Fab) (width 0.1))
    (fp_line (start 0.8 -0.4) (end 0.8 0.4) (layer F.Fab) (width 0.1))
    (fp_line (start 0.8 0.4) (end -0.8 0.4) (layer F.Fab) (width 0.1))
    (fp_line (start -0.171267 -0.51) (end 0.171267 -0.51) (layer F.SilkS) (width 0.12))
    (fp_line (start -0.171267 0.51) (end 0.171267 0.51) (layer F.SilkS) (width 0.12))
    (fp_line (start -1.65 0.73) (end -1.65 -0.73) (layer F.CrtYd) (width 0.05))
    (fp_line (start -1.65 -0.73) (end 1.65 -0.73) (layer F.CrtYd) (width 0.05))
    (fp_line (start 1.65 -0.73) (end 1.65 0.73) (layer F.CrtYd) (width 0.05))
    (fp_line (start 1.65 0.73) (end -1.65 0.73) (layer F.CrtYd) (width 0.05))
    (fp_text user %R (at 0 0) (layer F.Fab)
      (effects (font (size 0.4 0.4) (thickness 0.06)))
    )
    (pad 1 smd roundrect (at -0.875 0) (size 1.05 0.95) (layers F.Cu F.Paste F.Mask) (roundrect_rratio 0.25)
      (net 25 /VBAT))
    (pad 2 smd roundrect (at 0.875 0) (size 1.05 0.95) (layers F.Cu F.Paste F.Mask) (roundrect_rratio 0.25)
      (net 14 GND))
    (model ${KISYS3DMOD}/Capacitor_SMD.3dshapes/C_0603_1608Metric.wrl
      (at (xyz 0 0 0))
      (scale (xyz 1 1 1))
      (rotate (xyz 0 0 0))
    )
  )

  (module Capacitor_SMD:C_0603_1608Metric_Pad1.05x0.95mm_HandSolder (layer F.Cu) (tedit 5B301BBE) (tstamp 5C5155B9)
    (at 54.580088 35.817288)
    (descr "Capacitor SMD 0603 (1608 Metric), square (rectangular) end terminal, IPC_7351 nominal with elongated pad for handsoldering. (Body size source: http://www.tortai-tech.com/upload/download/2011102023233369053.pdf), generated with kicad-footprint-generator")
    (tags "capacitor handsolder")
    (path /5C3D975C)
    (attr smd)
    (fp_text reference C2 (at 2.669912 0.182712) (layer F.SilkS)
      (effects (font (size 1 1) (thickness 0.15)))
    )
    (fp_text value 10uF (at 0 1.43) (layer F.Fab)
      (effects (font (size 1 1) (thickness 0.15)))
    )
    (fp_text user %R (at 0 0) (layer F.Fab)
      (effects (font (size 0.4 0.4) (thickness 0.06)))
    )
    (fp_line (start 1.65 0.73) (end -1.65 0.73) (layer F.CrtYd) (width 0.05))
    (fp_line (start 1.65 -0.73) (end 1.65 0.73) (layer F.CrtYd) (width 0.05))
    (fp_line (start -1.65 -0.73) (end 1.65 -0.73) (layer F.CrtYd) (width 0.05))
    (fp_line (start -1.65 0.73) (end -1.65 -0.73) (layer F.CrtYd) (width 0.05))
    (fp_line (start -0.171267 0.51) (end 0.171267 0.51) (layer F.SilkS) (width 0.12))
    (fp_line (start -0.171267 -0.51) (end 0.171267 -0.51) (layer F.SilkS) (width 0.12))
    (fp_line (start 0.8 0.4) (end -0.8 0.4) (layer F.Fab) (width 0.1))
    (fp_line (start 0.8 -0.4) (end 0.8 0.4) (layer F.Fab) (width 0.1))
    (fp_line (start -0.8 -0.4) (end 0.8 -0.4) (layer F.Fab) (width 0.1))
    (fp_line (start -0.8 0.4) (end -0.8 -0.4) (layer F.Fab) (width 0.1))
    (pad 2 smd roundrect (at 0.875 0) (size 1.05 0.95) (layers F.Cu F.Paste F.Mask) (roundrect_rratio 0.25)
      (net 14 GND))
    (pad 1 smd roundrect (at -0.875 0) (size 1.05 0.95) (layers F.Cu F.Paste F.Mask) (roundrect_rratio 0.25)
      (net 15 +3V3))
    (model ${KISYS3DMOD}/Capacitor_SMD.3dshapes/C_0603_1608Metric.wrl
      (at (xyz 0 0 0))
      (scale (xyz 1 1 1))
      (rotate (xyz 0 0 0))
    )
  )

  (module Capacitor_SMD:C_0603_1608Metric_Pad1.05x0.95mm_HandSolder (layer F.Cu) (tedit 5B301BBE) (tstamp 5C5155C9)
    (at 38.75 26.75)
    (descr "Capacitor SMD 0603 (1608 Metric), square (rectangular) end terminal, IPC_7351 nominal with elongated pad for handsoldering. (Body size source: http://www.tortai-tech.com/upload/download/2011102023233369053.pdf), generated with kicad-footprint-generator")
    (tags "capacitor handsolder")
    (path /5C3C99D6)
    (attr smd)
    (fp_text reference C3 (at 2.75 0) (layer F.SilkS)
      (effects (font (size 1 1) (thickness 0.15)))
    )
    (fp_text value 100nF (at 0 1.43) (layer F.Fab)
      (effects (font (size 1 1) (thickness 0.15)))
    )
    (fp_text user %R (at 0 0) (layer F.Fab)
      (effects (font (size 0.4 0.4) (thickness 0.06)))
    )
    (fp_line (start 1.65 0.73) (end -1.65 0.73) (layer F.CrtYd) (width 0.05))
    (fp_line (start 1.65 -0.73) (end 1.65 0.73) (layer F.CrtYd) (width 0.05))
    (fp_line (start -1.65 -0.73) (end 1.65 -0.73) (layer F.CrtYd) (width 0.05))
    (fp_line (start -1.65 0.73) (end -1.65 -0.73) (layer F.CrtYd) (width 0.05))
    (fp_line (start -0.171267 0.51) (end 0.171267 0.51) (layer F.SilkS) (width 0.12))
    (fp_line (start -0.171267 -0.51) (end 0.171267 -0.51) (layer F.SilkS) (width 0.12))
    (fp_line (start 0.8 0.4) (end -0.8 0.4) (layer F.Fab) (width 0.1))
    (fp_line (start 0.8 -0.4) (end 0.8 0.4) (layer F.Fab) (width 0.1))
    (fp_line (start -0.8 -0.4) (end 0.8 -0.4) (layer F.Fab) (width 0.1))
    (fp_line (start -0.8 0.4) (end -0.8 -0.4) (layer F.Fab) (width 0.1))
    (pad 2 smd roundrect (at 0.875 0) (size 1.05 0.95) (layers F.Cu F.Paste F.Mask) (roundrect_rratio 0.25)
      (net 15 +3V3))
    (pad 1 smd roundrect (at -0.875 0) (size 1.05 0.95) (layers F.Cu F.Paste F.Mask) (roundrect_rratio 0.25)
      (net 14 GND))
    (model ${KISYS3DMOD}/Capacitor_SMD.3dshapes/C_0603_1608Metric.wrl
      (at (xyz 0 0 0))
      (scale (xyz 1 1 1))
      (rotate (xyz 0 0 0))
    )
  )

  (module Capacitor_SMD:C_0603_1608Metric_Pad1.05x0.95mm_HandSolder (layer F.Cu) (tedit 5B301BBE) (tstamp 5C5155D9)
    (at 54.580088 34.317288 180)
    (descr "Capacitor SMD 0603 (1608 Metric), square (rectangular) end terminal, IPC_7351 nominal with elongated pad for handsoldering. (Body size source: http://www.tortai-tech.com/upload/download/2011102023233369053.pdf), generated with kicad-footprint-generator")
    (tags "capacitor handsolder")
    (path /5C3C9CAF)
    (attr smd)
    (fp_text reference C4 (at -2.669912 -0.182712 180) (layer F.SilkS)
      (effects (font (size 1 1) (thickness 0.15)))
    )
    (fp_text value 100nF (at 0 1.43 180) (layer F.Fab)
      (effects (font (size 1 1) (thickness 0.15)))
    )
    (fp_line (start -0.8 0.4) (end -0.8 -0.4) (layer F.Fab) (width 0.1))
    (fp_line (start -0.8 -0.4) (end 0.8 -0.4) (layer F.Fab) (width 0.1))
    (fp_line (start 0.8 -0.4) (end 0.8 0.4) (layer F.Fab) (width 0.1))
    (fp_line (start 0.8 0.4) (end -0.8 0.4) (layer F.Fab) (width 0.1))
    (fp_line (start -0.171267 -0.51) (end 0.171267 -0.51) (layer F.SilkS) (width 0.12))
    (fp_line (start -0.171267 0.51) (end 0.171267 0.51) (layer F.SilkS) (width 0.12))
    (fp_line (start -1.65 0.73) (end -1.65 -0.73) (layer F.CrtYd) (width 0.05))
    (fp_line (start -1.65 -0.73) (end 1.65 -0.73) (layer F.CrtYd) (width 0.05))
    (fp_line (start 1.65 -0.73) (end 1.65 0.73) (layer F.CrtYd) (width 0.05))
    (fp_line (start 1.65 0.73) (end -1.65 0.73) (layer F.CrtYd) (width 0.05))
    (fp_text user %R (at 0 0 180) (layer F.Fab)
      (effects (font (size 0.4 0.4) (thickness 0.06)))
    )
    (pad 1 smd roundrect (at -0.875 0 180) (size 1.05 0.95) (layers F.Cu F.Paste F.Mask) (roundrect_rratio 0.25)
      (net 14 GND))
    (pad 2 smd roundrect (at 0.875 0 180) (size 1.05 0.95) (layers F.Cu F.Paste F.Mask) (roundrect_rratio 0.25)
      (net 15 +3V3))
    (model ${KISYS3DMOD}/Capacitor_SMD.3dshapes/C_0603_1608Metric.wrl
      (at (xyz 0 0 0))
      (scale (xyz 1 1 1))
      (rotate (xyz 0 0 0))
    )
  )

  (module Capacitor_SMD:C_0603_1608Metric_Pad1.05x0.95mm_HandSolder (layer F.Cu) (tedit 5B301BBE) (tstamp 5C5155E9)
    (at 55.080088 29.5 270)
    (descr "Capacitor SMD 0603 (1608 Metric), square (rectangular) end terminal, IPC_7351 nominal with elongated pad for handsoldering. (Body size source: http://www.tortai-tech.com/upload/download/2011102023233369053.pdf), generated with kicad-footprint-generator")
    (tags "capacitor handsolder")
    (path /5C3D9BD0)
    (attr smd)
    (fp_text reference C5 (at -2.5 0.080088) (layer F.SilkS)
      (effects (font (size 1 1) (thickness 0.15)))
    )
    (fp_text value 1uF (at 0 1.43 270) (layer F.Fab)
      (effects (font (size 1 1) (thickness 0.15)))
    )
    (fp_line (start -0.8 0.4) (end -0.8 -0.4) (layer F.Fab) (width 0.1))
    (fp_line (start -0.8 -0.4) (end 0.8 -0.4) (layer F.Fab) (width 0.1))
    (fp_line (start 0.8 -0.4) (end 0.8 0.4) (layer F.Fab) (width 0.1))
    (fp_line (start 0.8 0.4) (end -0.8 0.4) (layer F.Fab) (width 0.1))
    (fp_line (start -0.171267 -0.51) (end 0.171267 -0.51) (layer F.SilkS) (width 0.12))
    (fp_line (start -0.171267 0.51) (end 0.171267 0.51) (layer F.SilkS) (width 0.12))
    (fp_line (start -1.65 0.73) (end -1.65 -0.73) (layer F.CrtYd) (width 0.05))
    (fp_line (start -1.65 -0.73) (end 1.65 -0.73) (layer F.CrtYd) (width 0.05))
    (fp_line (start 1.65 -0.73) (end 1.65 0.73) (layer F.CrtYd) (width 0.05))
    (fp_line (start 1.65 0.73) (end -1.65 0.73) (layer F.CrtYd) (width 0.05))
    (fp_text user %R (at 0 0 270) (layer F.Fab)
      (effects (font (size 0.4 0.4) (thickness 0.06)))
    )
    (pad 1 smd roundrect (at -0.875 0 270) (size 1.05 0.95) (layers F.Cu F.Paste F.Mask) (roundrect_rratio 0.25)
      (net 14 GND))
    (pad 2 smd roundrect (at 0.875 0 270) (size 1.05 0.95) (layers F.Cu F.Paste F.Mask) (roundrect_rratio 0.25)
      (net 26 /VDDA))
    (model ${KISYS3DMOD}/Capacitor_SMD.3dshapes/C_0603_1608Metric.wrl
      (at (xyz 0 0 0))
      (scale (xyz 1 1 1))
      (rotate (xyz 0 0 0))
    )
  )

  (module Capacitor_SMD:C_0603_1608Metric_Pad1.05x0.95mm_HandSolder (layer F.Cu) (tedit 5B301BBE) (tstamp 5C515609)
    (at 62.75 47.75 180)
    (descr "Capacitor SMD 0603 (1608 Metric), square (rectangular) end terminal, IPC_7351 nominal with elongated pad for handsoldering. (Body size source: http://www.tortai-tech.com/upload/download/2011102023233369053.pdf), generated with kicad-footprint-generator")
    (tags "capacitor handsolder")
    (path /5C3FB130)
    (attr smd)
    (fp_text reference C7 (at 0.75 1.5 180) (layer F.SilkS)
      (effects (font (size 1 1) (thickness 0.15)))
    )
    (fp_text value 1uF (at 0 1.43 180) (layer F.Fab)
      (effects (font (size 1 1) (thickness 0.15)))
    )
    (fp_text user %R (at 0 0 180) (layer F.Fab)
      (effects (font (size 0.4 0.4) (thickness 0.06)))
    )
    (fp_line (start 1.65 0.73) (end -1.65 0.73) (layer F.CrtYd) (width 0.05))
    (fp_line (start 1.65 -0.73) (end 1.65 0.73) (layer F.CrtYd) (width 0.05))
    (fp_line (start -1.65 -0.73) (end 1.65 -0.73) (layer F.CrtYd) (width 0.05))
    (fp_line (start -1.65 0.73) (end -1.65 -0.73) (layer F.CrtYd) (width 0.05))
    (fp_line (start -0.171267 0.51) (end 0.171267 0.51) (layer F.SilkS) (width 0.12))
    (fp_line (start -0.171267 -0.51) (end 0.171267 -0.51) (layer F.SilkS) (width 0.12))
    (fp_line (start 0.8 0.4) (end -0.8 0.4) (layer F.Fab) (width 0.1))
    (fp_line (start 0.8 -0.4) (end 0.8 0.4) (layer F.Fab) (width 0.1))
    (fp_line (start -0.8 -0.4) (end 0.8 -0.4) (layer F.Fab) (width 0.1))
    (fp_line (start -0.8 0.4) (end -0.8 -0.4) (layer F.Fab) (width 0.1))
    (pad 2 smd roundrect (at 0.875 0 180) (size 1.05 0.95) (layers F.Cu F.Paste F.Mask) (roundrect_rratio 0.25)
      (net 35 SPK_IN+))
    (pad 1 smd roundrect (at -0.875 0 180) (size 1.05 0.95) (layers F.Cu F.Paste F.Mask) (roundrect_rratio 0.25)
      (net 27 "Net-(C7-Pad1)"))
    (model ${KISYS3DMOD}/Capacitor_SMD.3dshapes/C_0603_1608Metric.wrl
      (at (xyz 0 0 0))
      (scale (xyz 1 1 1))
      (rotate (xyz 0 0 0))
    )
  )

  (module Capacitor_SMD:C_0603_1608Metric_Pad1.05x0.95mm_HandSolder (layer F.Cu) (tedit 5B301BBE) (tstamp 5C515619)
    (at 62.75 49.25 180)
    (descr "Capacitor SMD 0603 (1608 Metric), square (rectangular) end terminal, IPC_7351 nominal with elongated pad for handsoldering. (Body size source: http://www.tortai-tech.com/upload/download/2011102023233369053.pdf), generated with kicad-footprint-generator")
    (tags "capacitor handsolder")
    (path /5C3FB1C0)
    (attr smd)
    (fp_text reference C8 (at 0 -1.5 180) (layer F.SilkS)
      (effects (font (size 1 1) (thickness 0.15)))
    )
    (fp_text value 1uF (at 0 1.43 180) (layer F.Fab)
      (effects (font (size 1 1) (thickness 0.15)))
    )
    (fp_line (start -0.8 0.4) (end -0.8 -0.4) (layer F.Fab) (width 0.1))
    (fp_line (start -0.8 -0.4) (end 0.8 -0.4) (layer F.Fab) (width 0.1))
    (fp_line (start 0.8 -0.4) (end 0.8 0.4) (layer F.Fab) (width 0.1))
    (fp_line (start 0.8 0.4) (end -0.8 0.4) (layer F.Fab) (width 0.1))
    (fp_line (start -0.171267 -0.51) (end 0.171267 -0.51) (layer F.SilkS) (width 0.12))
    (fp_line (start -0.171267 0.51) (end 0.171267 0.51) (layer F.SilkS) (width 0.12))
    (fp_line (start -1.65 0.73) (end -1.65 -0.73) (layer F.CrtYd) (width 0.05))
    (fp_line (start -1.65 -0.73) (end 1.65 -0.73) (layer F.CrtYd) (width 0.05))
    (fp_line (start 1.65 -0.73) (end 1.65 0.73) (layer F.CrtYd) (width 0.05))
    (fp_line (start 1.65 0.73) (end -1.65 0.73) (layer F.CrtYd) (width 0.05))
    (fp_text user %R (at 0 0 180) (layer F.Fab)
      (effects (font (size 0.4 0.4) (thickness 0.06)))
    )
    (pad 1 smd roundrect (at -0.875 0 180) (size 1.05 0.95) (layers F.Cu F.Paste F.Mask) (roundrect_rratio 0.25)
      (net 28 "Net-(C8-Pad1)"))
    (pad 2 smd roundrect (at 0.875 0 180) (size 1.05 0.95) (layers F.Cu F.Paste F.Mask) (roundrect_rratio 0.25)
      (net 38 "Net-(C8-Pad2)"))
    (model ${KISYS3DMOD}/Capacitor_SMD.3dshapes/C_0603_1608Metric.wrl
      (at (xyz 0 0 0))
      (scale (xyz 1 1 1))
      (rotate (xyz 0 0 0))
    )
  )

  (module Capacitor_SMD:C_0603_1608Metric_Pad1.05x0.95mm_HandSolder (layer F.Cu) (tedit 5B301BBE) (tstamp 5C515629)
    (at 65.5 43.5 270)
    (descr "Capacitor SMD 0603 (1608 Metric), square (rectangular) end terminal, IPC_7351 nominal with elongated pad for handsoldering. (Body size source: http://www.tortai-tech.com/upload/download/2011102023233369053.pdf), generated with kicad-footprint-generator")
    (tags "capacitor handsolder")
    (path /5C3E9D8D)
    (attr smd)
    (fp_text reference C9 (at -2.5 0) (layer F.SilkS)
      (effects (font (size 1 1) (thickness 0.15)))
    )
    (fp_text value 10uF (at 0 1.43 270) (layer F.Fab)
      (effects (font (size 1 1) (thickness 0.15)))
    )
    (fp_text user %R (at 0 0 270) (layer F.Fab)
      (effects (font (size 0.4 0.4) (thickness 0.06)))
    )
    (fp_line (start 1.65 0.73) (end -1.65 0.73) (layer F.CrtYd) (width 0.05))
    (fp_line (start 1.65 -0.73) (end 1.65 0.73) (layer F.CrtYd) (width 0.05))
    (fp_line (start -1.65 -0.73) (end 1.65 -0.73) (layer F.CrtYd) (width 0.05))
    (fp_line (start -1.65 0.73) (end -1.65 -0.73) (layer F.CrtYd) (width 0.05))
    (fp_line (start -0.171267 0.51) (end 0.171267 0.51) (layer F.SilkS) (width 0.12))
    (fp_line (start -0.171267 -0.51) (end 0.171267 -0.51) (layer F.SilkS) (width 0.12))
    (fp_line (start 0.8 0.4) (end -0.8 0.4) (layer F.Fab) (width 0.1))
    (fp_line (start 0.8 -0.4) (end 0.8 0.4) (layer F.Fab) (width 0.1))
    (fp_line (start -0.8 -0.4) (end 0.8 -0.4) (layer F.Fab) (width 0.1))
    (fp_line (start -0.8 0.4) (end -0.8 -0.4) (layer F.Fab) (width 0.1))
    (pad 2 smd roundrect (at 0.875 0 270) (size 1.05 0.95) (layers F.Cu F.Paste F.Mask) (roundrect_rratio 0.25)
      (net 15 +3V3))
    (pad 1 smd roundrect (at -0.875 0 270) (size 1.05 0.95) (layers F.Cu F.Paste F.Mask) (roundrect_rratio 0.25)
      (net 14 GND))
    (model ${KISYS3DMOD}/Capacitor_SMD.3dshapes/C_0603_1608Metric.wrl
